0.30 0.071992 0.0005
0.31 0.070100 0.0007
0.32 0.068356 0.0007
0.33 0.067044 0.0006
0.34 0.064690 0.0006
0.35 0.062627 0.0005
0.36 0.060474 0.0004
0.37 0.059413 0.0005
0.38 0.057556 0.0005
0.39 0.056022 0.0006
0.40 0.054009 0.0005
0.41 0.052202 0.0005
0.42 0.051649 0.0004
0.43 0.049400 0.00037
0.44 0.048391 0.0004
0.45 .047231 0.00045
0.50 0.041841 0.0003
0.55 .037451 0.00026
0.60 0.034825 0.00022
0.65 0.031741 0.00017
0.70 0.030250 0.00015
0.75 .028607 0.000113
0.80 0.027243 0.00010
0.85 0.026112 0.00009
0.90 .025246 0.000055
0.95 0.024436 0.000069
