0.30 0.095015 0.0007
0.31 0.091190 0.0008
0.32 0.089486 0.0007
0.33 0.088247 0.001
0.34 0.086469 0.0008
0.35 0.084217 0.0006
0.36 0.080626 0.0007
0.37 0.078649 0.0007
0.38 0.076075 0.0009
0.39 0.073987 0.0008
0.40 0.071882 0.0006
0.41 0.069108 0.0008
0.42 0.067489 0.0008
0.43 0.065367 0.0007
0.44 0.064197 0.0005
0.45 .062155 0.00057
0.50 0.055358 0.0004
0.55 .049525 0.00035
0.60 0.045161 0.00022
0.65 0.042604 0.00022
0.70 0.040531 0.00018
0.75 .037763 0.000140
0.80 0.036247 0.00019
0.85 0.034814 0.000125
0.90 .033472 0.00008
0.95 0.032261 0.000086
