0.30 0.11653 0.0007
0.31 0.11570 0.0009
0.32 0.11025 0.0010
0.33 0.10877 0.0008
0.34 0.10505 0.0009
0.35 0.10327 0.0008
0.36 0.099106 0.0009
0.37 0.097090 0.0011
0.38 0.093349 0.001
0.39 0.090377 0.0007
0.40 0.088875 0.0009
0.41 0.086453 0.0007
0.42 0.083973 0.0008
0.43 0.080663 0.0006
0.44 0.080007 0.0006
0.45 .077500 0.0006
0.50 0.068109 0.0004
0.55 .061840 0.00038
0.60 0.056484 0.00027
0.65 0.052937 0.00028
0.70 0.049926 0.00025
0.75 .047017 0.00021
0.80 0.045107 0.00015
0.85 0.042956 0.00012
0.90 .041719 0.000094
0.95 0.040158 0.000113
