0.30 0.024325 0.0002
0.31 0.023834 0.0002
0.32 0.023077 0.00015
0.33 0.022418 0.00017
0.34 0.022093 0.00017
0.35 0.021420 0.0002
0.36 0.020400 0.00017
0.37 0.019853 0.0002
0.38 0.019401 0.0002
0.39 0.018946 0.00018
0.40 0.018403 0.00017
0.41 0.017671 0.00013
0.42 0.017280 0.00013
0.43 0.016734 0.00013
0.44 0.016103 0.00013
0.45 .016129 0.000136
0.50 0.014061 0.00007
0.55 .012613 0.000072
0.60 0.011647 0.00003
0.65 0.010779 0.00006
0.70 0.010136 0.000025
0.75 .0096217 0.000037
0.80 0.009149 0.000015
0.85 0.0087498 0.000026
0.90 .008477 0.000013
0.95 0.008203 0.000022
