0.30 0.048441 0.00035
0.31 0.047520 0.0004
0.32 0.046360 0.0004
0.33 0.044669 0.0004
0.34 0.043915 0.0004
0.35 0.042284 0.0004
0.36 0.041584 0.00034
0.37 0.040180 0.0004
0.38 0.038639 0.00046
0.39 0.037377 0.0003
0.40 0.036605 0.0003
0.41 0.035701 0.0003
0.42 0.034323 0.0002
0.43 0.032677 0.00024
0.44 0.032622 0.0003
0.45 .031230 0.00026
0.50 0.027837 0.0002
0.55 .024885 0.00015
0.60 0.023069 0.00015
0.65 0.021451 0.00012
0.70 0.020183 0.0001
0.75 .019132 0.000079
0.80 0.018227 0.00007
0.85 0.017427 0.000055
0.90 .016898 0.000035
0.95 0.016292 0.000046
